Labels: ['ANGER' 'DISGUST' 'FEAR' 'HAPPY' 'SADNESS' 'SURPRISE']
Probability data: [[0.18929597 0.2696732  0.28392212 0.07516888 0.18193983 0.        ]
 [0.23386202 0.24548148 0.25045931 0.10224875 0.16794844 0.        ]
 [0.19253005 0.23117214 0.32467147 0.06886529 0.18276106 0.        ]
 [0.18402276 0.26182993 0.19122445 0.15764228 0.         0.20528059]
 [0.17727408 0.25266272 0.19457671 0.09528907 0.08800083 0.1921966 ]
 [0.12102476 0.23072874 0.26596099 0.15801261 0.         0.2242729 ]
 [0.11434329 0.17702266 0.36633482 0.10101648 0.         0.24128275]
 [0.21068198 0.19707903 0.13166333 0.16504938 0.23926114 0.05626514]
 [0.22219007 0.17975826 0.07614752 0.17977802 0.34212615 0.        ]
 [0.3084184  0.         0.10176764 0.09165227 0.29411489 0.2040468 ]
 [0.20308242 0.         0.20101849 0.21305587 0.28871769 0.09412553]
 [0.36339434 0.08175974 0.08292587 0.1041059  0.11610172 0.25171243]
 [0.18719155 0.07989111 0.07885914 0.18258985 0.20995643 0.26151193]
 [0.37570925 0.07979716 0.         0.10427466 0.2003795  0.23983943]
 [0.09566699 0.09957967 0.20190562 0.2032873  0.20032507 0.19923535]
 [0.51325797 0.23270341 0.         0.15548791 0.09855071 0.        ]
 [0.41101172 0.23794934 0.07608708 0.19453722 0.08041464 0.        ]
 [0.23869128 0.3373908  0.12566588 0.12165951 0.17659253 0.        ]
 [0.38772931 0.26950843 0.07912889 0.09390831 0.16972506 0.        ]
 [0.39835508 0.25432315 0.08142897 0.16816783 0.09772497 0.        ]
 [0.21308252 0.20826053 0.17152906 0.19597431 0.21115358 0.        ]
 [0.18910545 0.21243716 0.11302799 0.2888576  0.19657181 0.        ]
 [0.17818573 0.20932245 0.13010697 0.17207349 0.22844701 0.08186435]
 [0.26804966 0.21309033 0.10151211 0.16863871 0.2487092  0.        ]
 [0.20836211 0.20017452 0.16694266 0.11360752 0.31091319 0.        ]
 [0.20709402 0.19866764 0.16134781 0.10992751 0.32296302 0.        ]
 [0.08311465 0.2719575  0.2428769  0.09451963 0.2160896  0.09144173]
 [0.         0.23735949 0.26950192 0.10167403 0.14927971 0.24218485]
 [0.17317048 0.27514155 0.13931766 0.08843384 0.23045531 0.09348117]
 [0.0805934  0.26625349 0.25935421 0.10076704 0.19145208 0.10157978]
 [0.08139028 0.26657607 0.25441331 0.09688038 0.20263912 0.09810084]
 [0.08223547 0.18021812 0.25569543 0.09671727 0.18141254 0.20372117]
 [0.17420817 0.26745035 0.10340776 0.15073777 0.30419595 0.        ]
 [0.16717654 0.2800336  0.21314375 0.09246228 0.24718383 0.        ]
 [0.18820326 0.19560995 0.08642615 0.15249898 0.37726165 0.        ]
 [0.10234289 0.13200697 0.2209134  0.18372608 0.17292993 0.18808073]
 [0.17747241 0.25870997 0.09211958 0.1491143  0.32258374 0.        ]
 [0.10924104 0.1935982  0.24709966 0.09478166 0.276782   0.07849744]
 [0.09361933 0.16232491 0.29062039 0.17026885 0.13153593 0.1516306 ]
 [0.08459205 0.         0.3086997  0.32871561 0.07275007 0.20524257]
 [0.28956143 0.17813503 0.08336959 0.09725274 0.35168122 0.        ]
 [0.07549687 0.         0.35895061 0.19400197 0.16265337 0.20889719]
 [0.08959569 0.08140886 0.40903601 0.08976961 0.08543596 0.24475388]
 [0.18858796 0.19600495 0.19125405 0.1197312  0.22268131 0.08174053]
 [0.08432845 0.10313952 0.35986189 0.17958072 0.17772888 0.09536055]
 [0.11422358 0.18304028 0.43788877 0.08815352 0.08663493 0.09005892]
 [0.1122285  0.19726423 0.21357848 0.1956479  0.09502967 0.18625123]
 [0.10428134 0.18523587 0.26730381 0.08895548 0.17409248 0.18013103]
 [0.13480048 0.10749634 0.37574246 0.18931465 0.09521966 0.0974264 ]
 [0.30089169 0.15276489 0.1521145  0.14245442 0.2517745  0.        ]
 [0.         0.08399206 0.34377153 0.21517713 0.         0.35705927]
 [0.         0.11470031 0.2635348  0.19440204 0.16493405 0.26242879]
 [0.         0.13238497 0.25800178 0.10713412 0.16018162 0.34229751]
 [0.         0.10648273 0.35018283 0.19721192 0.         0.34612252]
 [0.         0.08573474 0.26590827 0.2990682  0.         0.3492888 ]
 [0.         0.10396289 0.35092216 0.19476378 0.         0.35035117]
 [0.0811469  0.         0.33922956 0.20568213 0.1559741  0.21796731]
 [0.28890828 0.18971078 0.10901041 0.08704202 0.32532851 0.        ]
 [0.09422653 0.08460349 0.34317539 0.18344295 0.101597   0.19295465]
 [0.16585205 0.13622996 0.2736857  0.1668019  0.17769893 0.07973146]
 [0.08701132 0.         0.4075593  0.19798922 0.10609149 0.20134867]
 [0.0950734  0.21848363 0.3065998  0.19006967 0.09768648 0.09208703]
 [0.15936811 0.11937098 0.27752556 0.1846128  0.17007086 0.08905169]
 [0.28196891 0.18488892 0.07450887 0.10468134 0.35395195 0.        ]
 [0.27261066 0.09311372 0.21493903 0.21550521 0.09010279 0.11372859]
 [0.19689937 0.0963326  0.3008911  0.20897999 0.08746783 0.1094291 ]
 [0.27201031 0.08872767 0.20719115 0.2293672  0.08921484 0.11348883]
 [0.27634597 0.09308578 0.20745027 0.2224927  0.08864153 0.11198374]
 [0.08055285 0.16160296 0.28806439 0.16612192 0.18343694 0.12022094]
 [0.08453446 0.08463269 0.3742498  0.16502146 0.10500116 0.18656041]
 [0.09448144 0.22084731 0.         0.29657135 0.18916771 0.19893219]
 [0.09480841 0.17110572 0.30397788 0.08255219 0.25152404 0.09603177]
 [0.08149801 0.16442372 0.27079137 0.17055988 0.18515023 0.12757679]
 [0.07771604 0.16527305 0.29542532 0.09187248 0.18661844 0.18309467]
 [0.27944935 0.09300467 0.19186923 0.23256056 0.09432372 0.10879248]
 [0.29777321 0.18873424 0.09083033 0.08781034 0.33485188 0.        ]
 [0.29419081 0.12525405 0.13350857 0.15466111 0.29238546 0.        ]
 [0.19715881 0.19941665 0.22662286 0.10390746 0.27289422 0.        ]
 [0.29459377 0.19125051 0.11072413 0.08236112 0.32107048 0.        ]
 [0.28615269 0.191446   0.12343104 0.08214818 0.3168221  0.        ]
 [0.13678048 0.14514335 0.400031   0.15414771 0.08887452 0.07502295]
 [0.19954555 0.20544475 0.25049422 0.10083081 0.16777558 0.0759091 ]
 [0.20045283 0.20909965 0.33816544 0.09263847 0.15964361 0.        ]
 [0.20824605 0.25021011 0.26880464 0.12987383 0.14286538 0.        ]
 [0.13837461 0.12903793 0.41051992 0.07750291 0.08959491 0.15496971]
 [0.17876034 0.19111668 0.2564491  0.13382805 0.15611289 0.08373294]
 [0.2662459  0.08863732 0.08335646 0.18910004 0.21118193 0.16147834]
 [0.08472218 0.19381907 0.26061834 0.09253491 0.17785958 0.19044591]
 [0.19098247 0.10325756 0.18396661 0.12605094 0.22566542 0.17007699]
 [0.19536281 0.14731572 0.15551537 0.13526049 0.24048066 0.12606495]
 [0.25952724 0.         0.         0.17226701 0.26080236 0.30740339]]